50
0 80.9429 91.1022 96.6564 78.9174 133.38 128.654 100.301 100.232 128.064 83.6386 122.062 69.5764 134.488 97.1098 87.6501 144.506 141.665 121.36 146.48 75.179 87.6193 126.815 100.089 70.503 116.607 140.541 166.691 160.162 87.9176 122.758 132.964 172.635 98.3714 129.058 145.951 82.2548 149.642 103.028 95.8902 138.416 182.828 136.206 162.705 76.3571 181.587 101.045 96.0352 103.429 141.018 
80.9429 0 55.7317 68.0002 100.334 144.797 120.36 113.362 108.174 155.433 119.7 107.612 124.591 102.814 127.943 126.649 162.741 105.791 130.879 165.411 103.303 149.785 93.3345 108.176 123.27 148.943 103.27 123.04 181.921 127.809 140.772 147.336 146.25 129.009 128.329 143.505 124.075 169.148 139.669 152.125 153.362 188.481 176.356 147.963 141.18 159.411 164.719 132.784 171.351 128.95 
91.1022 55.7317 0 74.6244 133.581 146.017 121.603 100.461 130.163 152.767 150.954 100.063 119.413 100.753 151.997 108.608 139.02 67.0342 150.412 175.396 113.261 155.331 76.669 96.5803 137.459 173.237 105.81 118.317 183.614 142.02 137.969 154.838 149.45 137.029 118.64 142.274 152.598 176.665 128.646 147.131 123.64 179.58 170.717 166.403 143.546 153.348 156.294 140.403 163.961 79.8137 
96.6564 68.0002 74.6244 0 90.3014 122.145 80.1302 118.962 129.468 175.172 125.278 112.459 134.355 119.717 161.512 102.232 168.715 93.7577 88.8698 139.435 115.267 154.744 126.579 104.388 150.209 167.93 147.429 84.3654 161.246 168.571 99.3845 96.9643 165.257 147.85 136.666 102.103 149.639 194.047 153.297 133.409 117.328 198.496 176.617 115.265 150.057 160.756 179.137 155.023 179.487 113.68 
78.9174 100.334 133.581 90.3014 0 129.132 118.305 141.014 116.1 170.791 60.1644 150.942 123.798 160.613 126.683 117.653 192.464 172.158 72.3148 125.714 106.545 117.481 173.53 132.666 116.968 124.248 180.871 157.041 154.912 142.396 115.287 97.7138 195.742 135.772 163.331 129.759 97.8573 182.353 159.694 114.106 162.906 212.504 168.275 122.752 121.258 197.755 158.916 137.638 154.313 183.359 
133.38 144.797 146.017 122.145 129.132 0 71.2287 140.771 129.389 135.514 139.344 145.606 136.85 180.258 169.109 123.949 125.349 165.182 100.075 56.6848 161.055 119.118 189.251 149.541 179.734 155.75 202.162 122.824 76.1142 194.273 109.82 98.4854 162.289 180.34 152.654 81.5043 170.49 169.529 180.585 141.437 112.21 146.651 143.776 95.1806 168.333 181.776 159.857 185.431 154.211 170.309 
128.654 120.36 121.603 80.1302 118.305 71.2287 0 126.123 124.022 157.324 136.841 118.253 145.432 156.767 169.015 122.361 146.12 132.362 73.2698 86.4193 142.788 145.587 159.519 125.025 175.243 163.559 181.191 84.6397 107.75 194.511 79.0945 72.3413 151.177 163.708 138.607 68.2717 173.063 180.646 164.98 141.208 94.789 174.987 152.773 86.8642 165.902 168.19 180.883 176.104 178.17 139.868 
100.301 113.362 100.461 118.962 141.014 140.771 126.123 0 83.1076 110.371 123.72 55.751 85.4006 174.237 115.541 129.969 113.65 139.387 145.984 145.803 74.9551 116.874 104.496 46.567 104.683 117.894 131.211 164.426 137.105 118.187 106.014 145.68 134.772 71.9322 56.5921 146.16 126.309 119.68 74.4358 110.451 119.43 179.762 86.3821 162.29 110.529 204.812 114.918 82.6534 127.189 113.951 
100.232 108.174 130.163 129.468 116.1 129.389 124.022 83.1076 0 111.004 89.7041 83.1669 95.5664 183.956 80.3633 153.62 143.615 179.324 127.707 126.446 78.9581 104.701 136.868 94.4065 100.34 77.2971 143.153 172.62 130.837 108.047 120.247 143.102 128.601 81.6242 85.0201 144.722 87.3465 107.677 113.554 132.842 158.855 186.311 106.408 137.511 118.807 216.139 129.392 86.7714 140.205 173.655 
128.064 155.433 152.767 175.172 170.791 135.514 157.324 110.371 111.004 0 139.825 138.536 123.323 177.539 98.2825 174.095 67.7454 182.881 183.49 139.117 150.688 106.376 145.219 149.74 125.749 104.933 145.199 202.989 126.499 119.569 173.544 190.848 117.661 127.834 139.487 191.206 151.285 59.25 112.705 163.36 166.312 101.081 83.2982 197.713 141.632 182.751 105.51 142.128 111.308 180.881 
83.6386 119.7 150.954 125.278 60.1644 139.344 136.841 123.72 89.7041 139.825 0 145.014 110.978 181.898 84.1907 142.56 177.767 195.038 102.34 123.687 95.1684 90.7551 170.766 127.454 85.5714 75.8218 174.646 189.619 143.762 112.075 125.62 124.758 182.432 103.24 152.007 156.885 71.1316 143.122 131.732 110.159 173.952 202.073 131.484 146.086 98.118 214.019 131.817 109.148 128.828 195.781 
122.062 107.612 100.063 112.459 150.942 145.606 118.253 55.751 83.1669 138.536 145.014 0 113.442 173.949 137.871 147.968 136.623 133.049 145.347 153.35 88.9096 151.206 103.387 58.598 135.965 140.354 126.287 142.271 149.297 144.188 110.114 147.691 118.269 98.162 37.9213 137.385 142.668 140.198 111.101 143.882 130.478 195.828 123.421 146.765 147.626 207.01 157.092 107.077 170.589 120.059 
69.5764 124.591 119.413 134.355 123.798 136.85 145.432 85.4006 95.5664 123.323 110.978 113.442 0 187.642 115.732 91.8899 133.694 171.397 145.746 150.746 70.2837 66.6181 152.227 83.8688 86.6719 124.082 170.978 192.209 152.243 102.174 117.774 146.893 185.206 96.073 100.705 146.354 86.5989 148.957 95.9862 76.4159 127.222 196.819 110.553 172.548 66.7586 227.609 64.3613 76.7029 76.5209 144.19 
134.488 102.814 100.753 119.717 160.613 180.258 156.767 174.237 183.956 177.539 181.898 173.949 187.642 0 174.49 167.127 171.495 92.1255 182.919 203.928 182.958 199.85 113.668 182.697 174.977 206.194 113.34 143.402 219.144 174.62 201.173 195.665 161.646 191.179 200.064 196.072 199.531 199.615 175.427 209.337 180.652 165.334 218.227 210.498 192.4 78.4611 205.686 205.139 206.711 147.152 
97.1098 127.943 151.997 161.512 126.683 169.109 169.015 115.541 80.3633 98.2825 84.1907 137.871 115.732 174.49 0 176.573 153.156 198.954 164.192 161.182 105.974 105.701 140.698 138.421 61.4426 57.9728 135.554 217.499 165.194 59.9102 169.374 183.42 148.334 78.2431 142.64 200.734 85.6565 86.5978 100.413 150.69 196.307 177.782 114.567 196.259 106.253 205.846 116.873 93.4973 124.67 200.309 
87.6501 126.649 108.608 102.232 117.653 123.949 122.361 129.969 153.62 174.095 142.56 147.968 91.8899 167.127 176.573 0 158.866 140.249 123.694 152.384 119.413 115.105 171.891 114.53 145.159 183.619 199.674 155.183 164.93 167.449 104.564 113.688 218.123 158.582 149.499 111.511 146.785 210.485 148.826 81.8449 91.1449 208.969 166.221 159.462 113.037 204.465 127.661 149.528 123.451 119.28 
144.506 162.741 139.02 168.715 192.464 125.349 146.12 113.65 143.615 67.7454 177.767 136.623 133.694 171.495 153.156 158.866 0 152.655 191.077 146.068 169.591 132.813 143.351 148.613 163.903 159.234 155.681 179.39 129.249 161.839 168.395 188.688 124.951 159.687 138.747 175.874 189.581 115.639 129.774 168.499 131.88 89.8918 107.145 198.038 164.588 169.469 124.598 170.982 129.024 145.548 
141.665 105.791 67.0342 93.7577 172.158 165.182 132.362 139.387 179.324 182.881 195.038 133.049 171.397 92.1255 198.954 140.249 152.655 0 173.24 193.941 166.659 200.994 99.3973 139.603 187.954 217.35 124.72 101.779 201.387 193.906 163.382 172.585 157.524 183.606 158.443 160.315 209.201 208.027 164.711 186.493 130.829 180.039 201.655 186.431 192.587 126.105 201.996 194.405 205.997 76.0146 
121.36 130.879 150.412 88.8698 72.3148 100.075 73.2698 145.984 127.707 183.49 102.34 145.347 145.746 182.919 164.192 123.694 191.077 173.24 0 88.9008 131.274 137.79 192.551 135.809 162.18 150.211 208.191 127.97 122.049 190.343 74.8142 36.1511 193.364 159.815 160.33 82.5581 146.433 197.471 178.441 121.511 134.477 215.545 165.874 77.9478 153.229 203.407 184.748 167.261 178.761 179.66 
146.48 165.411 175.396 139.435 125.714 56.6848 86.4193 145.803 126.446 139.117 123.687 153.35 150.746 203.928 161.182 152.384 146.068 193.941 88.9008 0 163.01 121.613 206.407 158.126 177.105 134.885 215.17 149.108 46.5898 196.903 107.918 91.4381 166.114 172.929 161.074 103.733 167.688 158.495 182.084 142.762 138.317 161.857 129.374 93.8065 171.129 200.412 169.653 183.533 162.368 198.621 
75.179 103.303 113.261 115.267 106.545 161.055 142.788 74.9551 78.9581 150.688 95.1684 88.9096 70.2837 182.958 105.974 119.413 169.591 166.659 131.274 163.01 0 110.579 132.987 57.8911 74.1548 115.199 153.274 184.186 168.275 99.2031 106.71 138.676 178.703 58.914 86.7514 149.947 74.4879 154.39 92.6191 91.7063 146.907 225.584 126.071 163.243 79.9593 230.623 118.669 45.1191 130.121 145.94 
87.6193 149.785 155.331 154.744 117.481 119.118 145.587 116.874 104.701 106.376 90.7551 151.206 66.6181 199.85 105.701 115.105 132.813 200.994 137.79 121.613 110.579 0 184.25 128.957 97.0461 103.579 196.364 207.364 125.353 116.631 129.498 142.22 193.116 119.12 143.14 153.004 95.9593 137.157 119.237 84.6117 142.867 176.879 98.5303 171.002 74.2998 224.45 60.2856 112.191 53.0868 182.583 
126.815 93.3345 76.669 126.579 173.53 189.251 159.519 104.496 136.868 145.219 170.766 103.387 152.227 113.668 140.698 171.891 143.351 99.3973 192.551 206.407 132.987 184.25 0 118.221 140.025 169.385 53.9269 161.443 207.765 132.552 176.989 201.442 119.575 125.503 127.177 198.163 172.079 151.66 112.726 188.007 168.849 180.072 168.794 209.182 165.216 159.584 174.994 142.998 186.875 113.561 
100.089 108.176 96.5803 104.388 132.666 149.541 125.025 46.567 94.4065 149.74 127.454 58.598 83.8688 182.697 138.421 114.53 148.613 139.603 135.809 158.126 57.8911 128.957 118.221 0 115.777 140.426 149.63 158.184 157.966 133.962 89.1589 133.727 164.037 84.9046 58.9484 133.285 122.62 160.274 95.5732 99.9858 115.245 215.129 121.229 153.377 110.883 224.073 132.024 83.1543 143.231 107.399 
70.503 123.27 137.459 150.209 116.968 179.734 175.243 104.683 100.34 125.749 85.5714 135.965 86.6719 174.977 61.4426 145.159 163.903 187.954 162.18 177.105 74.1548 97.0461 140.025 115.777 0 92.3638 146.68 220.834 180.863 45.4182 155.862 175.127 182.839 60.6001 135.891 195.28 67.8853 127.247 79.9976 114.297 180.474 204.28 121.07 204.71 63.3051 217.754 93.9072 60.5906 102.946 177.562 
116.607 148.943 173.237 167.93 124.248 155.75 163.559 117.894 77.2971 104.933 75.8218 140.354 124.082 206.194 57.9728 183.619 159.234 217.35 150.211 134.885 115.199 103.579 169.385 140.426 92.3638 0 166.238 217.246 137.696 98.9568 155.94 168.565 153.723 90.7036 141.847 190.801 93.5434 84.6651 125.573 146.704 199.973 184.853 101.314 173.092 125.685 228.579 129.873 105.626 134.108 217.91 
140.541 103.27 105.81 147.429 180.871 202.162 181.191 131.211 143.153 145.199 174.646 126.287 170.978 113.34 135.554 199.674 155.681 124.72 208.191 215.17 153.274 196.364 53.9269 149.63 146.68 166.238 0 176.922 218.638 129.606 206.246 223.224 105.637 141.122 149.256 221.183 173.58 142.336 136.151 214.012 203.746 172.581 183.805 219.775 185.558 155.325 189.941 158.181 202.118 155.225 
166.691 123.04 118.317 84.3654 157.041 122.824 84.6397 164.426 172.62 202.989 189.619 142.271 192.209 143.402 217.499 155.183 179.39 101.779 127.97 149.108 184.186 207.364 161.443 158.184 220.834 217.246 176.922 0 168.117 232.271 139.219 129.066 160.793 210.74 168.443 105.658 217.048 224.327 211.244 196.801 135.775 194.413 214.365 110.822 221.42 155.828 233.726 220.718 234.135 139.7 
160.162 181.921 183.614 161.246 154.912 76.1142 107.75 137.105 130.837 126.499 143.762 149.297 152.243 219.144 165.194 164.93 129.249 201.387 122.049 46.5898 168.275 125.353 207.765 157.966 180.863 137.696 218.638 168.117 0 199.95 117.681 116.706 162.212 170.278 151.117 119.842 180.726 144.569 176.706 146.384 137.477 153.664 106.708 121.64 175.304 209.903 163.13 181.7 158.48 197.698 
87.9176 127.809 142.02 168.571 142.396 194.273 194.511 118.187 108.047 119.569 112.075 144.188 102.174 174.62 59.9102 167.449 161.839 193.906 190.343 196.903 99.2031 116.631 132.552 133.962 45.4182 98.9568 129.606 232.271 199.95 0 185.387 205.841 172.917 79.3137 143.93 218.731 82.1533 117.4 91.9626 149.87 203.194 198.264 136.831 222.982 97.0411 219.919 103.882 78.6381 117.483 190.312 
122.758 140.772 137.969 99.3845 115.287 109.82 79.0945 106.014 120.247 173.544 125.62 110.114 117.774 201.173 169.374 104.564 168.395 163.382 74.8142 107.918 106.71 129.498 176.989 89.1589 155.862 155.94 206.246 139.219 117.681 185.387 0 56.6514 191.245 135.8 116.599 76.0836 151.104 190.379 146.971 88.845 90.8412 221.438 133.924 105.67 134.305 225.437 160.605 140.313 159.319 141.551 
132.964 147.336 154.838 96.9643 97.7138 98.4854 72.3413 145.68 143.102 190.848 124.758 147.691 146.893 195.665 183.42 113.688 188.688 172.585 36.1511 91.4381 138.676 142.22 201.442 133.727 175.127 168.565 223.224 129.066 116.706 205.841 56.6514 0 205.845 169 159.375 65.7156 164.639 209.483 181.837 111.628 113.493 220.932 164.227 85.4609 157.022 212.096 185.16 174.871 178.387 169.434 
172.635 146.25 149.45 165.257 195.742 162.289 151.177 134.772 128.601 117.661 182.432 118.269 185.206 161.646 148.334 218.123 124.951 157.524 193.364 166.114 178.703 193.116 119.575 164.037 182.839 153.723 105.637 160.793 162.212 172.917 191.245 205.845 0 161.703 140.527 197.576 197.162 109.043 160.863 224.557 193.087 133.429 154.878 184.611 212.49 163.818 202.183 184.444 211.662 183.423 
98.3714 129.009 137.029 147.85 135.772 180.34 163.708 71.9322 81.6242 127.834 103.24 98.162 96.073 191.179 78.2431 158.582 159.687 183.606 159.815 172.929 58.914 119.12 125.503 84.9046 60.6001 90.7036 141.122 210.74 170.278 79.3137 135.8 169 161.703 0 98.3052 187.021 93.4422 116.662 63.411 120.467 170.759 213.189 100.208 193.255 90.1809 230.305 116.941 40.868 130.014 165.744 
129.058 128.329 118.64 136.666 163.331 152.654 138.607 56.5921 85.0201 139.487 152.007 37.9213 100.705 200.064 142.64 149.499 138.747 158.443 160.33 161.074 86.7514 143.14 127.177 58.9484 135.891 141.847 149.256 168.443 151.117 143.93 116.599 159.375 140.527 98.3052 0 144.409 138.443 142.644 113.653 136.627 135.792 206.697 115.859 158.717 142.111 233.045 143.653 96.1337 160.092 132.955 
145.951 143.505 142.274 102.103 129.759 81.5043 68.2717 146.16 144.722 191.206 156.885 137.385 146.354 196.072 200.734 111.511 175.874 160.315 82.5581 103.733 149.947 153.004 198.163 133.285 195.28 190.801 221.183 105.658 119.842 218.731 76.0836 65.7156 197.576 187.021 144.409 0 180.151 217.04 195.243 132.128 96.3041 212.925 175.718 75.6802 175.723 212.087 189.657 186.344 187.545 153.71 
82.2548 124.075 152.598 149.639 97.8573 170.49 173.063 126.309 87.3465 151.285 71.1316 142.668 86.5989 199.531 85.6565 146.785 189.581 209.201 146.433 167.688 74.4879 95.9593 172.079 122.62 67.8853 93.5434 173.58 217.048 180.726 82.1533 151.104 164.639 197.162 93.4422 138.443 180.151 0 152.642 128.272 118.524 192.561 227.805 146.291 177.201 88.2641 245.987 116.794 75.2782 124.544 201.879 
149.642 169.148 176.665 194.047 182.353 169.529 180.646 119.68 107.677 59.25 143.122 140.198 148.957 199.615 86.5978 210.485 115.639 208.027 197.471 158.495 154.39 137.157 151.66 160.274 127.247 84.6651 142.336 224.327 144.569 117.4 190.379 209.483 109.043 116.662 142.644 217.04 152.642 0 121.872 187.092 203.866 137.331 91.302 209.371 161.579 206.557 139.002 138.205 148.358 210.773 
103.028 139.669 128.646 153.297 159.694 180.585 164.98 74.4358 113.554 112.705 131.732 111.101 95.9862 175.427 100.413 148.826 129.774 164.711 178.441 182.084 92.6191 119.237 112.726 95.5732 79.9976 125.573 136.151 211.244 176.706 91.9626 146.971 181.837 160.863 63.411 113.653 195.243 128.272 121.872 0 123.894 148.438 190.952 94.9759 216.216 86.5074 210.773 98.3426 81.0953 110.19 137.588 
95.8902 152.125 147.131 133.409 114.106 141.437 141.208 110.451 132.842 163.36 110.159 143.882 76.4159 209.337 150.69 81.8449 168.499 186.493 121.511 142.762 91.7063 84.6117 188.007 99.9858 114.297 146.704 214.012 196.801 146.384 149.87 88.845 111.628 224.557 120.467 136.627 132.128 118.524 187.092 123.894 0 114.816 225.263 123.699 166.388 72.3281 241.198 102.122 110.304 97.4119 152.877 
138.416 153.362 123.64 117.328 162.906 112.21 94.789 119.43 158.855 166.312 173.952 130.478 127.222 180.652 196.307 91.1449 131.88 130.829 134.477 138.317 146.907 142.867 168.849 115.245 180.474 199.973 203.746 135.775 137.477 203.194 90.8412 113.493 193.087 170.759 135.792 96.3041 192.561 203.866 148.438 114.816 0 190.794 146.782 156.326 148.719 195.969 153.53 173.93 151.443 92.3457 
182.828 188.481 179.58 198.496 212.504 146.651 174.987 179.762 186.311 101.081 202.073 195.828 196.819 165.334 177.782 208.969 89.8918 180.039 215.545 161.857 225.584 176.879 180.072 215.129 204.28 184.853 172.581 194.413 153.664 198.264 221.438 220.932 133.429 213.189 206.697 212.925 227.805 137.331 190.952 225.263 190.794 0 165.834 219.658 216.98 132.312 182.706 229.486 180.621 203.177 
136.206 176.356 170.717 176.617 168.275 143.776 152.773 86.3821 106.408 83.2982 131.484 123.421 110.553 218.227 114.567 166.221 107.145 201.655 165.874 129.374 126.071 98.5303 168.794 121.229 121.07 101.314 183.805 214.365 106.708 136.831 133.924 164.227 154.878 100.208 115.859 175.718 146.291 91.302 94.9759 123.699 146.782 165.834 0 188.384 120.427 227.902 101.561 115.455 106.727 177.911 
162.705 147.963 166.403 115.265 122.752 95.1806 86.8642 162.29 137.511 197.713 146.086 146.765 172.548 210.498 196.259 159.462 198.038 186.431 77.9478 93.8065 163.243 171.002 209.182 153.377 204.71 173.092 219.775 110.822 121.64 222.982 105.67 85.4609 184.611 193.255 158.717 75.6802 177.201 209.371 216.216 166.388 156.326 219.658 188.384 0 202.196 224.568 216.735 196.93 215.276 197.962 
76.3571 141.18 143.546 150.057 121.258 168.333 165.902 110.529 118.807 141.632 98.118 147.626 66.7586 192.4 106.253 113.037 164.588 192.587 153.229 171.129 79.9593 74.2998 165.216 110.883 63.3051 125.685 185.558 221.42 175.304 97.0411 134.305 157.022 212.49 90.1809 142.111 175.723 88.2641 161.579 86.5074 72.3281 148.719 216.98 120.427 202.196 0 233.17 71.6313 79.4119 73.6633 163.712 
181.587 159.411 153.348 160.756 197.755 181.776 168.19 204.812 216.139 182.751 214.019 207.01 227.609 78.4611 205.846 204.465 169.469 126.105 203.407 200.412 230.623 224.45 159.584 224.073 217.754 228.579 155.325 155.828 209.903 219.919 225.437 212.096 163.818 230.305 233.045 212.087 245.987 206.557 210.773 241.198 195.969 132.312 227.902 224.568 233.17 0 234.553 250.092 231.663 181.355 
101.045 164.719 156.294 179.137 158.916 159.857 180.883 114.918 129.392 105.51 131.817 157.092 64.3613 205.686 116.873 127.661 124.598 201.996 184.748 169.653 118.669 60.2856 174.994 132.024 93.9072 129.873 189.941 233.726 163.13 103.882 160.605 185.16 202.183 116.941 143.653 189.657 116.794 139.002 98.3426 102.122 153.53 182.706 101.561 216.735 71.6313 234.553 0 105.674 26.2309 173.226 
96.0352 132.784 140.403 155.023 137.638 185.431 176.104 82.6534 86.7714 142.128 109.148 107.077 76.7029 205.139 93.4973 149.528 170.982 194.405 167.261 183.533 45.1191 112.191 142.998 83.1543 60.5906 105.626 158.181 220.718 181.7 78.6381 140.313 174.871 184.444 40.868 96.1337 186.344 75.2782 138.205 81.0953 110.304 173.93 229.486 115.455 196.93 79.4119 250.092 105.674 0 122.111 170.071 
103.429 171.351 163.961 179.487 154.313 154.211 178.17 127.189 140.205 111.308 128.828 170.589 76.5209 206.711 124.67 123.451 129.024 205.997 178.761 162.368 130.121 53.0868 186.875 143.231 102.946 134.108 202.118 234.135 158.48 117.483 159.319 178.387 211.662 130.014 160.092 187.545 124.544 148.358 110.19 97.4119 151.443 180.621 106.727 215.276 73.6633 231.663 26.2309 122.111 0 179.304 
141.018 128.95 79.8137 113.68 183.359 170.309 139.868 113.951 173.655 180.881 195.781 120.059 144.19 147.152 200.309 119.28 145.548 76.0146 179.66 198.621 145.94 182.583 113.561 107.399 177.562 217.91 155.225 139.7 197.698 190.312 141.551 169.434 183.423 165.744 132.955 153.71 201.879 210.773 137.588 152.877 92.3457 203.177 177.911 197.962 163.712 181.355 173.226 170.071 179.304 0 

